fitness : 1
1 : fitness : 1
1 : fitness : 1
1 : [-0.3436, 0.531, 0.8623, 0.7724, 0.0806, 0.9493, -0.7701, 0.3693, 0.0001, -0.3611, 0.5464, -0.0742, 0.8564, -0.3229, 0.6166, -0.1574, 0.6054, 0.4943]
2 : [-0.0291, 0.2231, 0.0115, -0.3051, -0.3779, 0.4173, -0.1837, -0.656, 0.9796, 0.7418, -0.5548, 0.2719, 0.3975, 0.9576, -0.387, -0.16, 0.2121, 0.038]
fitness : 1
1 : [-0.0182, 0.2233, -0.5318, 0.5481, -0.4449, 0.5086, 0.0723, -0.3262, -0.6843, -0.7183, 0.0291, 0.5679, 0.6883, 0.1272, 0.7165, -0.5539, -0.3943, -0.5714]
2 : [0.8676, -0.7834, 0.6401, -0.2917, -0.3681, 0.044, 0.751, -0.3487, -0.4775, 0.918, -0.3007, -0.2137, -0.9789, 0.1827, 0.6812, -0.6015, -0.3207, 0.6563]
fitness : 2
1 : [-0.0182, 0.2233, -0.5318, 0.5481, -0.4449, 0.5086, 0.0723, -0.3262, -0.6843, -0.7183, 0.0291, 0.5679, 0.6883, 0.1272, 0.7165, -0.5539, -0.3943, -0.5714]
2 : [0.8676, -0.7834, 0.6401, -0.2917, -0.3681, 0.044, 0.751, -0.3487, -0.4775, 0.918, -0.3007, -0.2137, -0.9789, 0.1827, 0.6812, -0.6015, -0.3207, 0.6563]
fitness : 2
1 : [-0.0182, 0.2233, -0.5318, 0.5481, -0.4449, 0.5086, 0.0723, -0.3262, -0.6843, -0.7183, 0.0291, 0.5679, 0.6883, 0.1272, 0.7165, -0.5539, -0.3943, -0.5714]
2 : [0.8676, -0.7834, 0.6401, -0.2917, -0.3681, 0.044, 0.751, -0.3487, -0.4775, 0.918, -0.3007, -0.2137, -0.9789, 0.1827, 0.6812, -0.6015, -0.3207, 0.6563]
fitness : 1
1 : [-0.9976, -0.2068, 0.8509, 0.0794, 0.045, 0.6989, -0.5012, -0.7893, 0.3113, 0.3422, -0.0001, -0.9958, -0.8308, -0.1642, 0.7622, -0.6546, -0.9652, -0.7787, 500.0]
2 : [-0.9147, 0.5889, -0.6205, -0.0244, 0.6373, 0.5601, 0.4444, 0.2218, 0.9304, 0.54, 0.2694, 0.8072, 0.3979, -0.8792, -0.7455, 0.519, 0.9199, 0.7821, 500.0]
fitness : 1
1 : [-0.4055, -0.0119, -0.3802, -0.7975, 0.4724, 0.1229, 0.3141, 0.646, 0.9896, -0.0803, 0.9387, 0.2119, 0.9051, -0.9591, -0.6612, 0.2813, -0.3117, 0.8136, 500.0]
2 : [0.5815, -0.3209, 0.3624, -0.7371, -0.5714, -0.1688, 0.167, -0.3587, 0.4255, -0.3335, 0.5538, 0.9491, -0.9302, -0.3984, -0.995, -0.1597, 0.7149, 0.6113, 500.0]
fitness : 2
1 : [-0.4055, -0.0119, -0.3802, -0.7975, 0.4724, 0.1229, 0.3141, 0.646, 0.9896, -0.0803, 0.9387, 0.2119, 0.9051, -0.9591, -0.6612, 0.2813, -0.3117, 0.8136, 500.0, 500.0]
2 : [0.5815, -0.3209, 0.3624, -0.7371, -0.5714, -0.1688, 0.167, -0.3587, 0.4255, -0.3335, 0.5538, 0.9491, -0.9302, -0.3984, -0.995, -0.1597, 0.7149, 0.6113, 500.0, 500.0]
fitness : 1
1 : [-0.9663, 0.2041, 0.8796, -0.5178, 0.3609, 0.9618, 0.9344, 0.5646, 0.6319, -0.7037, -0.4556, 0.4609, 0.8415, -0.8491, 0.2304, 0.652, -0.029, 0.3625, 598.9653022587299]
2 : [-0.9824, -0.0995, 0.1568, -0.806, 0.2868, 0.4133, -0.6781, -0.6959, -0.8041, 0.6083, 0.3914, 0.8604, 0.9549, 0.4163, 0.3784, -0.4503, -0.7595, 0.1523, 598.6769281327724]
fitness : 2
1 : [-0.9663, 0.2041, 0.8796, -0.5178, 0.3609, 0.9618, 0.9344, 0.5646, 0.6319, -0.7037, -0.4556, 0.4609, 0.8415, -0.8491, 0.2304, 0.652, -0.029, 0.3625, 598.9653022587299, 598.571015894413]
2 : [-0.9824, -0.0995, 0.1568, -0.806, 0.2868, 0.4133, -0.6781, -0.6959, -0.8041, 0.6083, 0.3914, 0.8604, 0.9549, 0.4163, 0.3784, -0.4503, -0.7595, 0.1523, 598.6769281327724, 302.932293176651]
fitness : 1
1 : [-0.0049, -0.0837, -0.3209, -0.4945, 0.3803, 0.6831, -0.1582, -0.6734, -0.9417, -0.8741, -0.796, 0.1845, -0.4194, 0.1587, 0.9559, -0.7913, -0.2483, 0.3871, 599.3960674852133]
2 : [-0.372, -0.8808, -0.3582, 0.7077, 0.2539, -0.7225, 0.7475, -0.0831, 0.6121, -0.6087, 0.9192, 0.2705, -0.4009, 0.8968, 0.183, -0.4141, 0.8865, 0.7259, 599.3051059544086]
fitness : 1
1 : [0.1922, 0.2737, -0.2796, -0.2561, -0.7243, -0.8195, -0.824, 0.9505, -0.0432, 0.4817, 0.7921, 0.4694, -0.0133, -0.8693, -0.3795, 0.3347, -0.6975, 0.1323, 598.2878735661507]
2 : [0.3403, 0.5573, -0.0655, 0.3952, 0.6717, 0.2573, -0.7805, -0.1495, -0.2362, 0.4941, 0.749, 0.3363, 0.3771, 0.8436, -0.5142, 0.6944, 0.4063, 0.7545, 598.168623149395]
fitness : 2
1 : [0.1922, 0.2737, -0.2796, -0.2561, -0.7243, -0.8195, -0.824, 0.9505, -0.0432, 0.4817, 0.7921, 0.4694, -0.0133, -0.8693, -0.3795, 0.3347, -0.6975, 0.1323, 598.2878735661507, 599.1238903999329]
2 : [0.3403, 0.5573, -0.0655, 0.3952, 0.6717, 0.2573, -0.7805, -0.1495, -0.2362, 0.4941, 0.749, 0.3363, 0.3771, 0.8436, -0.5142, 0.6944, 0.4063, 0.7545, 598.168623149395, 597.056924700737]
fitness : 3
1 : [0.1922, 0.2737, -0.2796, -0.2561, -0.7243, -0.8195, -0.824, 0.9505, -0.0432, 0.4817, 0.7921, 0.4694, -0.0133, -0.8693, -0.3795, 0.3347, -0.6975, 0.1323, 598.2878735661507, 599.1238903999329, 576.8638372421265]
2 : [0.3403, 0.5573, -0.0655, 0.3952, 0.6717, 0.2573, -0.7805, -0.1495, -0.2362, 0.4941, 0.749, 0.3363, 0.3771, 0.8436, -0.5142, 0.6944, 0.4063, 0.7545, 598.168623149395, 597.056924700737, 593.3854627609253]
fitness : 4
1 : [0.1922, 0.2737, -0.2796, -0.2561, -0.7243, -0.8195, -0.824, 0.9505, -0.0432, 0.4817, 0.7921, 0.4694, -0.0133, -0.8693, -0.3795, 0.3347, -0.6975, 0.1323, 598.2878735661507, 599.1238903999329, 576.8638372421265, 577.8113675117493]
2 : [0.3403, 0.5573, -0.0655, 0.3952, 0.6717, 0.2573, -0.7805, -0.1495, -0.2362, 0.4941, 0.749, 0.3363, 0.3771, 0.8436, -0.5142, 0.6944, 0.4063, 0.7545, 598.168623149395, 597.056924700737, 593.3854627609253, 598.9114153385162]
fitness : 5
1 : [0.1922, 0.2737, -0.2796, -0.2561, -0.7243, -0.8195, -0.824, 0.9505, -0.0432, 0.4817, 0.7921, 0.4694, -0.0133, -0.8693, -0.3795, 0.3347, -0.6975, 0.1323, 598.2878735661507, 599.1238903999329, 576.8638372421265, 577.8113675117493, 575.9537363052368]
2 : [0.3403, 0.5573, -0.0655, 0.3952, 0.6717, 0.2573, -0.7805, -0.1495, -0.2362, 0.4941, 0.749, 0.3363, 0.3771, 0.8436, -0.5142, 0.6944, 0.4063, 0.7545, 598.168623149395, 597.056924700737, 593.3854627609253, 598.9114153385162, 590.2015334367752]
fitness : 1
1 : [-0.9595, -0.3657, 0.6652, -0.6949, 0.163, 0.2548, -0.7747, -0.347, -0.6295, 0.5778, -0.8935, 0.3433, 0.0325, -0.2906, 0.6623, -0.3805, -0.8693, -0.1275, 599.4724133238196]
2 : [-0.5424, -0.5384, 0.5723, 0.6668, 0.2464, 0.9405, 0.0412, 0.0227, 0.8937, 0.1848, 0.8572, 0.558, 0.4323, 0.8872, -0.3581, -0.356, -0.6731, 0.9407, 598.7741610407829]
fitness : 1
1 : [0.6017, 0.1378, -0.0834, 0.4217, -0.4272, 0.3398, -0.391, -0.206, 0.1412, -0.7432, -0.8588, -0.5984, -0.2913, -0.9523, -0.1337, 0.1664, -0.8714, -0.989, 599.2177881300449]
2 : [0.4387, 0.2733, 0.7681, 0.1518, 0.1638, 0.5376, 0.8721, -0.9664, -0.3147, 0.0065, 0.2816, 0.3564, -0.4208, 0.7936, 0.5659, 0.9511, 0.442, 0.5548, 598.6513596773148]
fitness : 2
1 : [0.6017, 0.1378, -0.0834, 0.4217, -0.8597, 0.6471, 0.296, -0.4128, 0.4736, -0.7432, -0.8588, -0.5984, -0.2913, -0.9523, -0.1337, 0.1664, -0.8714, -0.989, 599.3980859220028]
2 : [0.6017, 0.1378, -0.0834, 0.4217, -0.4272, 0.3398, -0.391, -0.206, 0.1412, -0.7432, -0.8588, -0.5984, -0.2913, -0.9523, -0.6528, -0.1529, -0.8789, -0.989, 599.3365263193846]
fitness : 3
1 : [0.2311, -0.1367, -0.8149, -0.1856, -0.8597, 0.6471, 0.296, -0.4128, 0.4736, -0.7432, -0.8588, -0.5984, 0.9842, -0.4406, -0.1337, 0.1664, -0.8714, -0.5795, 599.1184958815575]
2 : [0.6017, -0.1367, 0.4868, 0.4217, -0.4272, 0.3398, -0.391, -0.206, 0.1412, -0.7432, -0.8588, -0.5984, -0.2913, -0.9523, -0.1337, 0.1664, -0.8714, -0.989, 598.8742595911026]
fitness : 4
1 : [0.6017, -0.1367, 0.4868, 0.4217, -0.4272, 0.3398, -0.391, -0.206, -0.2165, -0.7432, -0.8588, -0.6064, -0.2913, -0.9523, -0.1337, 0.1664, -0.8714, -0.989, 599.6015303954482]
2 : [0.6017, -0.1367, 0.4868, 0.4217, -0.4272, 0.3398, -0.391, -0.206, 0.1412, -0.7432, -0.8588, -0.5984, -0.2913, -0.9523, -0.1337, 0.1664, -0.8714, -0.5795, 599.591921120882]
fitness : 1
1 : [-0.3626, 0.9777, -0.4087, 0.9153, 0.1092, 0.7519, -0.6961, 0.6535, 0.7336, 0.1965, 0.0727, 0.2515, 0.5235, 0.0437, -0.7909, 0.5815, -0.2636, 0.4434, 599.1699303686619]
2 : [0.4383, 0.4656, 0.4305, 0.8605, -0.3416, -0.6184, -0.0209, -0.826, -0.543, 0.4901, -0.0401, -0.3064, -0.9201, -0.395, 0.5873, 0.0433, -0.937, 0.3264, 598.6414968967438]
fitness : 2
1 : [0.4945, 0.1331, -0.1944, 0.9961, 0.7288, -0.9921, 0.8745, -0.5648, 0.0314, 0.5472, -0.323, -0.0465, -0.9127, -0.1892, 0.5357, -0.5092, 0.3021, 0.9127, 598.7691825628281]
2 : [0.4945, 0.1331, 0.8002, 0.9961, 0.7288, -0.9921, 0.8745, -0.5648, 0.0314, 0.5472, -0.323, -0.0465, -0.9127, -0.1892, 0.5357, -0.5092, 0.3021, 0.9127, 598.4351140260696]
fitness : 1
1 : [0.1557, 0.745, 0.967, -0.9818, -0.93, -0.5313, 0.0905, -0.7305, 0.7817, -0.2523, 0.7686, 0.5168, -0.6627, 0.8667, -0.4305, -0.2468, -0.2124, -0.0247, 599.601923674345]
2 : [-0.2006, -0.7679, 0.8844, 0.1389, 0.6284, -0.155, 0.1965, 0.0299, -0.6073, 0.7748, 0.2172, -0.1777, -0.5841, -0.8112, 0.9822, 0.0104, 0.7759, 0.7087, 597.2140002250671]
fitness : 1
1 : [0.4935, 0.6143, 0.1102, 0.7711, -0.0694, 0.2766, 0.2474, 0.1324, 0.6449, -0.2374, 0.5837, -0.8188, -0.7196, -0.8026, 0.363, 0.3283, -0.2652, 0.6612, 598.3224761486053]
2 : [-0.6956, -0.5453, 0.3361, -0.9806, 0.4179, 0.1758, -0.9836, 0.4973, 0.3532, -0.427, 0.352, -0.5865, 0.4425, -0.1519, 0.0834, 0.1613, -0.3967, 0.2614, 598.1717324256897]
fitness : 1
1 : [-0.7235, -0.4345, -0.7897, -0.1784, -0.3642, -0.4965, -0.9384, -0.244, -0.0104, 0.0426, -0.0968, 0.4705, 0.5796, 0.8387, -0.0984, 0.9058, -0.5836, 0.8265, 599.5189874619246, 600.51834179461]
2 : [-0.6443, -0.6289, 0.7389, 0.4101, -0.8799, -0.1502, -0.9525, -0.8282, 0.665, 0.3766, 0.3587, 0.981, 0.85, 0.3082, -0.4077, 0.1483, -0.4016, 0.1978, 599.1966035962105, 600.1966035962105]
fitness : 2
1 : [-0.7235, -0.4345, -0.7897, -0.1784, -0.3642, -0.4965, -0.9384, -0.244, -0.0104, 0.0426, -0.0968, 0.4705, 0.5796, 0.8387, -0.0984, 0.9058, -0.5836, 0.8265, 599.4187512248755, 600.4187512248755]
2 : [-0.6443, -0.6289, 0.7389, 0.4101, -0.8799, -0.1502, -0.9525, -0.8282, 0.665, 0.3766, 0.4269, 0.981, 0.85, 0.3082, -0.4077, 0.1483, -0.4016, 0.1978, 599.3818797916174, 600.3818797916174]
fitness : 1
1 : [-0.1558, -0.2365, 0.7444, 0.347, -0.2707, -0.5293, -0.4803, 0.9774, -0.8781, 0.4583, -0.5135, -0.1727, -0.6328, -0.8275, 0.1052, 0.966, -0.3293, -0.8933, 594.4164967536926, 595.4164967536926, 596.4164967536926, 597.4164967536926, 598.4053852558136, 599.3955230712891, 600.3955230712891, 601.3955230712891, 602.3658709526062, 603.3560039997101, 604.3560039997101]
2 : [-0.5602, -0.6743, -0.0482, -0.764, -0.6571, 0.0049, -0.549, -0.8288, 0.9064, -0.7807, 0.9499, 0.9009, 0.9858, -0.7348, -0.6441, 0.7456, 0.1173, 0.2759, 593.6608868837357, 594.6608868837357, 595.6608868837357, 596.6608868837357, 597.6608868837357, 598.6608868837357, 599.6608868837357, 600.6608868837357, 601.6608868837357, 602.6608868837357, 603.6608868837357]
fitness : 1
1 : [0.9766, 0.1702, -0.5541, 0.8141, 0.6708, 0.6782, 0.8394, 0.3695, -0.8683, -0.1305, -0.3154, -0.3385, -0.6477, -0.8798, -0.7617, 0.3765, 0.9124, -0.9923, 2994.3880736082792]
2 : [-0.3581, -0.7527, -0.6929, -0.5617, -0.8041, 0.0463, 0.6752, -0.5137, 0.566, 0.4698, -0.8009, 0.4471, 0.6198, -0.029, -0.233, -0.9334, -0.3413, 0.4444, 2991.5456165373325]
fitness : 1
1 : [0.4807, 0.5293, 0.5864, 0.5172, 0.9198, 0.6007, 0.1591, -0.1088, 0.2632, 0.3793, -0.5387, -0.56, 0.8413, 0.0634, 0.4579, 0.7645, 0.8589, -0.5434, 2991.9730585813522]
2 : [0.2343, 0.9212, 0.7847, 0.3812, -0.0452, 0.3052, 0.7787, 0.5962, -0.5801, 0.6859, -0.213, 0.3195, -0.4081, 0.5128, -0.0561, -0.3918, 0.6545, -0.0996, 2984.7982716560364]
